GP code,0,1,2,3,4,5,6,7,8,9,10,11,12,13,14,15,16,17,18,19,20,21,22,23,24,25,26,27,28,29,30,31,32,33,34,35,36,37,38,39,40,41,42,43,44,45,46,47,48,49,50,51,52,53,54,55,56,57,58,59,60,61,62,63,64,65,66,67,68,69,70,71,72,73,74,75,76,77,78,79,80,81,82,83,84,85,86,87,88,89,90,91,92,93,94,95+
D82001,33,32,52,55,56,60,44,61,57,59,55,75,68,61,74,71,68,67,49,78,52,55,43,44,43,44,57,53,57,60,55,63,63,41,65,63,61,64,60,56,45,75,58,62,63,52,53,74,59,87,66,87,97,90,93,90,93,108,110,89,113,108,135,111,96,119,124,110,111,133,107,104,132,132,131,134,135,127,103,98,99,72,78,61,56,47,44,37,39,27,28,16,19,11,13,15
D82002,46,63,63,68,70,58,77,77,81,78,76,77,62,69,84,80,71,80,64,63,65,58,59,73,87,95,100,95,96,84,101,103,102,119,127,114,125,125,101,105,95,100,94,98,89,73,84,81,77,73,89,102,100,93,76,82,81,94,84,96,91,89,68,90,76,70,72,48,56,52,51,56,54,56,54,50,57,40,33,45,28,17,27,31,22,28,24,15,20,9,12,7,5,7,4,6
D82003,94,111,110,122,151,118,129,146,119,148,145,172,168,155,164,129,161,163,130,141,144,142,126,144,134,142,134,163,152,139,168,171,193,164,182,188,165,181,145,163,170,143,148,140,150,167,128,132,140,139,129,142,178,159,188,191,158,206,149,183,196,178,171,176,157,145,144,131,124,140,136,117,131,116,125,129,152,146,95,95,103,81,76,74,65,63,58,32,29,32,19,18,16,11,8,16
D82004,29,33,25,41,30,51,41,66,56,58,62,47,56,55,44,69,43,54,56,40,47,50,49,43,46,48,54,55,53,49,52,46,60,57,50,52,57,65,48,60,64,58,65,71,48,59,52,65,62,63,60,56,66,88,81,86,87,79,81,108,83,93,85,125,77,106,106,108,96,89,103,109,110,102,117,117,114,100,74,81,75,67,51,46,44,47,32,41,32,19,30,14,15,8,7,17
D82005,19,17,23,21,21,30,24,43,32,35,38,39,48,49,51,45,41,38,43,38,32,44,34,36,41,38,31,41,28,31,41,33,25,34,39,36,38,36,44,34,39,41,41,43,44,39,36,33,40,63,38,44,55,48,57,64,57,66,66,57,76,65,74,86,113,70,81,81,83,65,77,70,83,86,107,76,113,94,66,84,71,58,42,40,44,34,39,38,30,29,27,12,21,12,3,12
D82006,29,36,44,48,26,41,36,59,37,35,50,43,51,47,54,55,40,43,60,60,54,41,55,48,44,45,40,48,43,55,44,39,37,44,46,43,57,45,34,48,53,46,37,44,44,47,52,37,48,42,64,44,59,55,80,68,77,57,90,60,77,60,54,56,74,73,56,67,54,61,55,64,52,73,60,59,51,62,43,41,42,48,42,26,21,28,17,15,16,12,10,11,7,4,3,8
D82007,94,102,111,107,137,137,162,126,132,142,161,132,157,158,150,150,149,143,151,124,153,127,136,145,142,169,180,162,194,207,198,202,202,209,223,206,188,232,170,194,190,168,168,173,204,177,151,185,168,158,163,180,194,181,182,208,182,174,160,164,161,167,162,162,150,142,163,134,137,131,114,114,115,103,115,148,119,112,86,79,80,57,62,54,42,34,43,34,20,19,17,19,15,4,5,8
D82008,62,69,55,60,75,62,79,77,86,85,77,90,82,83,91,94,98,94,83,90,96,92,95,115,117,121,125,133,127,138,150,145,135,143,146,153,152,130,133,144,155,146,157,151,134,154,136,131,125,147,149,143,139,128,118,137,114,143,108,134,112,130,110,119,118,91,90,94,90,85,84,88,100,96,90,95,87,90,78,81,67,58,43,45,43,32,35,25,25,30,11,15,11,6,11,14
D82009,16,24,18,19,25,33,26,43,29,32,38,37,47,36,33,48,42,34,28,23,22,29,27,39,36,28,35,29,34,35,30,17,31,40,49,33,39,24,34,42,28,30,30,33,42,30,22,32,28,44,46,48,48,64,63,52,53,54,52,66,68,68,64,62,52,59,68,75,71,59,52,65,60,62,76,67,66,59,47,42,45,42,31,19,17,23,20,12,21,13,4,6,5,3,5,10
D82010,12,20,17,17,14,24,15,25,32,24,31,19,26,23,22,21,33,30,23,19,26,15,20,20,24,31,25,18,19,23,25,27,25,27,34,18,23,32,29,22,30,17,28,27,19,28,26,35,42,25,46,30,39,35,42,52,42,36,50,52,50,44,46,43,39,49,49,39,33,36,49,37,39,39,34,39,45,47,25,38,22,25,23,23,11,16,16,10,8,7,8,5,5,4,0,2
D82011,66,68,72,81,85,81,86,94,94,97,79,112,101,84,107,96,94,94,85,81,91,75,85,112,99,105,103,125,133,116,147,136,148,132,179,137,140,142,122,128,109,127,139,128,141,112,123,121,112,115,119,118,118,114,123,110,119,97,119,100,110,95,100,109,106,87,82,70,80,78,60,84,89,85,72,65,94,68,52,65,50,47,37,39,38,36,39,23,20,17,20,11,12,11,8,17
D82012,49,62,56,56,74,78,80,66,63,77,87,77,72,80,70,76,81,75,54,53,51,63,68,68,83,88,105,88,105,88,129,119,120,127,122,123,110,127,130,124,111,126,119,113,76,106,85,106,94,93,100,94,109,97,83,115,81,89,92,103,92,84,77,75,69,57,54,69,44,56,70,54,61,39,67,71,68,64,44,49,42,47,25,31,31,24,30,32,24,12,6,9,8,9,7,11
D82013,43,48,42,42,38,40,47,46,48,56,55,55,53,48,44,59,58,48,32,37,39,44,47,52,51,52,51,52,32,52,49,72,74,68,68,67,67,67,57,57,64,58,70,57,72,56,53,53,42,61,58,63,51,50,51,43,71,41,60,58,59,50,43,46,35,52,38,45,35,43,34,30,31,42,40,28,37,41,28,44,18,19,21,15,11,10,12,14,6,9,1,8,7,2,3,1
D82015,33,34,31,40,44,40,38,30,39,44,39,55,37,46,55,39,34,30,43,28,32,41,23,33,35,35,41,47,47,36,55,37,58,48,50,51,44,40,47,42,33,48,38,54,37,47,38,55,40,40,49,47,54,50,65,74,66,67,61,63,70,64,68,52,63,58,50,59,57,42,55,46,51,48,66,56,66,48,52,45,46,42,30,33,32,36,17,29,24,16,5,20,5,8,5,12
D82016,30,34,42,36,49,35,40,49,60,55,50,49,52,60,50,57,64,57,52,45,41,49,37,43,42,35,33,49,33,49,55,52,55,71,51,58,45,50,46,56,56,36,70,55,56,52,44,43,60,47,55,55,64,62,71,83,77,67,62,77,81,63,94,76,75,61,74,83,76,52,59,64,63,63,72,78,100,81,53,56,43,45,42,25,23,32,30,22,15,11,8,10,4,9,4,8
D82017,42,58,54,65,52,63,70,72,65,62,72,92,77,77,60,67,75,93,87,70,54,71,67,57,83,81,77,80,77,87,78,95,94,89,111,115,82,110,114,99,105,85,89,93,94,79,74,76,79,85,53,94,79,59,68,62,55,65,61,53,61,62,56,50,34,37,35,48,40,47,49,42,57,44,46,40,47,38,35,40,22,17,21,13,13,12,8,8,9,8,4,3,4,2,0,6
D82018,51,53,48,52,54,39,41,53,58,59,67,64,67,57,70,52,63,49,62,62,52,53,56,60,61,41,48,55,79,59,61,62,83,70,77,69,62,70,69,59,81,56,75,79,73,61,61,62,69,65,66,84,79,93,90,76,89,89,80,73,79,85,77,81,61,82,60,76,54,52,52,57,69,48,51,64,57,79,46,46,53,36,41,39,36,33,35,22,26,22,18,17,12,7,7,5
D82019,71,67,81,117,71,105,80,100,104,112,107,112,125,109,109,104,97,122,95,106,91,91,93,100,99,113,96,108,113,113,101,125,104,115,118,116,136,122,135,129,106,87,115,126,111,105,114,114,128,94,129,139,142,110,118,118,152,108,155,148,141,139,139,125,131,129,128,139,119,135,116,121,125,113,131,112,143,141,78,100,69,86,46,49,60,51,49,34,35,31,15,13,11,9,7,18
D82020,45,40,69,46,56,77,62,65,61,72,73,71,59,57,71,65,69,69,56,57,45,53,58,51,62,63,68,58,67,84,68,75,66,84,80,66,73,68,73,63,57,63,76,70,60,67,60,55,57,57,78,63,64,79,83,81,79,75,75,75,83,79,67,57,66,64,48,51,58,56,59,53,56,47,42,61,53,63,50,48,38,36,44,26,40,28,15,15,15,17,15,10,6,6,5,9
D82022,16,23,34,27,33,35,36,32,40,32,35,30,50,52,28,43,41,42,30,30,37,20,26,33,44,28,35,25,37,38,37,34,46,44,42,54,47,48,49,50,42,44,51,51,52,53,45,34,33,37,60,39,55,54,46,47,65,60,51,59,45,40,59,54,52,51,49,37,40,36,53,47,31,39,36,40,46,50,32,28,43,28,17,25,36,17,22,15,19,6,9,8,3,7,7,5
D82023,66,69,83,98,102,90,107,103,107,88,89,91,110,97,100,101,92,85,82,58,51,51,64,59,77,69,77,94,84,99,90,120,106,110,122,122,101,117,121,117,125,117,111,132,117,94,111,107,106,87,96,119,88,85,111,107,90,80,74,88,78,67,63,74,61,57,66,46,53,60,45,62,44,46,55,46,64,67,36,44,34,42,25,28,30,25,27,15,14,10,8,5,7,4,1,11
D82024,26,23,31,38,38,35,48,35,43,45,40,69,40,45,48,46,56,49,44,50,48,51,45,44,35,44,43,45,60,42,53,50,42,55,48,48,48,51,50,46,45,51,50,42,50,39,50,60,48,54,65,68,76,59,74,60,62,74,80,65,61,58,58,59,40,42,56,36,49,39,44,34,44,37,38,38,45,38,28,39,28,17,29,17,14,22,28,16,10,4,8,5,6,7,2,8
D82025,31,31,35,32,40,36,37,48,46,40,31,42,51,55,43,47,47,37,31,46,38,48,37,36,49,49,50,47,60,63,50,53,50,56,55,52,55,51,58,54,45,49,56,46,51,53,47,52,44,57,72,69,71,69,67,59,74,59,70,93,82,64,74,74,82,84,80,72,73,67,68,74,68,73,79,58,88,109,65,68,59,54,50,41,38,28,41,24,21,24,19,8,12,9,3,13
D82026,28,41,43,29,38,39,43,40,49,37,55,54,40,60,55,44,51,47,34,36,35,40,38,61,50,55,68,75,73,83,81,65,80,83,77,98,71,69,70,62,74,86,61,67,68,69,52,64,46,70,69,62,76,74,57,47,60,70,50,60,50,57,53,54,45,41,38,31,37,51,31,58,51,40,44,46,36,47,42,23,28,32,25,15,18,16,13,9,12,10,4,2,2,3,1,5
D82027,10,20,27,23,15,24,21,26,22,28,18,29,17,30,36,31,31,30,26,25,32,26,21,30,22,22,25,19,31,27,36,28,26,29,28,25,24,25,31,20,29,25,29,25,29,26,38,29,32,43,50,56,37,49,56,54,63,59,52,51,88,69,56,50,59,44,59,56,59,66,71,69,46,72,74,77,93,100,66,78,55,52,41,32,36,39,24,26,25,9,13,18,9,9,3,14
D82028,12,15,18,11,30,18,19,24,28,23,29,25,24,29,33,28,23,19,30,12,35,24,23,20,24,30,22,27,17,20,25,22,18,32,20,26,21,37,31,25,19,22,33,32,22,26,34,31,26,20,28,25,45,53,42,48,39,47,41,66,62,48,44,48,51,48,49,51,52,51,45,49,47,45,60,51,57,66,45,48,45,32,22,24,23,18,14,13,20,12,10,11,9,5,7,6
D82029,74,75,86,88,98,105,112,112,100,113,115,115,93,107,121,106,108,102,87,85,81,90,102,82,83,86,88,87,85,112,92,84,89,112,115,115,111,127,105,85,98,110,98,111,113,89,113,89,110,119,115,122,151,144,168,166,159,142,151,140,157,122,121,118,125,109,98,120,94,99,96,82,114,105,109,124,126,83,86,82,85,65,56,63,55,46,47,39,30,22,21,14,12,10,2,7
D82030,14,19,28,21,34,37,47,41,35,38,29,61,47,63,60,51,50,50,54,45,42,47,47,46,41,52,38,34,42,43,48,39,38,32,33,40,44,56,44,44,56,29,43,50,41,42,58,40,40,53,53,55,63,80,60,59,65,71,63,60,69,72,88,77,72,61,66,59,70,75,53,60,60,75,67,76,80,70,51,46,34,40,32,31,28,34,25,19,15,11,11,9,10,8,3,4
D82031,20,27,31,39,28,28,41,43,34,52,30,36,48,41,47,47,32,41,38,40,39,30,33,34,35,43,45,54,49,68,39,64,51,60,43,54,61,36,59,50,53,43,49,60,58,41,37,44,52,41,61,46,58,58,53,41,67,65,61,52,61,66,65,58,56,54,53,53,46,56,53,44,53,51,41,44,54,54,45,44,48,29,30,24,25,22,24,20,17,8,10,4,5,4,5,7
D82032,24,25,33,34,35,41,37,32,32,42,44,57,40,49,43,49,37,51,31,39,28,28,33,47,35,37,44,29,33,37,44,39,36,44,32,52,44,41,47,57,50,48,45,39,42,39,44,32,51,41,62,65,55,46,62,73,46,53,67,70,55,64,65,59,53,72,55,54,56,48,62,60,43,62,44,56,53,60,34,35,34,42,36,21,28,21,18,19,18,12,6,10,4,3,8,7
D82034,66,76,81,73,88,94,96,99,97,107,104,121,111,125,112,129,137,145,130,92,88,97,101,109,97,122,115,111,126,102,126,102,121,131,115,122,119,109,103,104,106,109,112,113,103,92,113,96,96,112,113,134,112,136,111,148,118,133,130,140,149,118,132,99,106,115,120,94,102,93,119,90,109,99,99,110,112,102,80,82,79,71,46,40,39,38,39,39,30,24,19,18,16,10,3,11
D82035,48,45,49,41,51,44,47,60,56,54,64,70,60,65,55,56,51,67,55,44,49,34,39,50,47,62,35,54,50,63,56,66,59,61,53,56,55,60,53,51,50,63,46,56,58,50,75,55,55,62,66,70,75,75,75,91,75,102,91,102,109,78,76,94,71,108,70,71,77,82,49,76,64,67,68,73,80,73,61,70,48,42,27,32,30,31,22,16,16,14,15,9,4,5,3,3
D82036,26,41,39,40,48,48,56,48,59,41,45,51,62,50,45,46,43,51,57,33,27,39,38,46,36,42,39,38,28,41,49,42,33,55,43,57,63,46,58,53,48,50,50,48,53,49,59,50,42,47,41,63,70,62,65,56,51,54,64,63,58,64,61,71,67,64,63,52,60,58,67,55,39,42,50,54,57,62,34,57,39,42,27,26,22,30,21,10,16,13,11,10,7,8,6,5
D82037,47,41,51,42,51,50,70,65,74,63,52,83,62,70,71,65,63,68,63,57,42,53,51,57,45,49,48,53,46,62,48,52,69,57,63,75,72,63,64,64,63,70,57,58,56,58,67,55,67,59,83,78,78,83,77,85,109,87,96,88,81,98,64,78,83,73,74,72,74,71,63,60,62,67,75,71,68,91,62,59,52,53,29,23,36,35,22,22,12,15,6,14,4,2,2,8
D82038,12,7,12,9,17,12,16,14,14,10,24,12,16,19,12,21,13,18,17,19,13,8,9,10,11,13,11,12,18,15,12,15,14,12,21,17,20,12,15,15,22,18,15,9,19,12,12,15,21,27,17,20,18,25,24,26,20,30,25,22,19,23,26,37,18,23,34,24,23,27,20,16,28,27,22,27,17,28,17,27,26,18,17,12,14,14,12,11,8,12,7,9,3,3,2,5
D82039,25,27,32,29,24,36,43,36,43,42,38,56,59,35,43,50,49,44,47,41,35,37,33,33,38,41,36,46,31,52,47,28,42,31,39,44,49,46,45,42,41,40,57,47,52,49,44,33,49,52,59,57,72,63,68,57,73,72,68,73,71,74,80,66,60,65,47,52,50,50,63,65,56,52,70,61,82,65,46,66,45,47,32,31,29,28,23,12,14,9,7,7,4,8,6,2
D82040,62,68,62,81,76,88,86,99,113,108,105,106,98,113,104,96,112,138,110,101,85,95,61,88,99,95,94,126,100,103,135,102,103,120,120,107,112,94,95,117,106,109,91,94,89,85,75,93,77,81,86,73,85,64,73,91,98,78,78,52,57,51,54,54,34,51,51,47,33,42,37,36,35,31,25,35,39,29,22,21,32,20,16,15,6,7,4,12,12,7,7,6,0,1,1,2
D82041,41,44,47,53,62,43,71,47,83,56,72,72,67,94,77,71,61,69,67,62,63,70,49,51,70,52,57,67,58,69,59,69,80,91,83,84,106,91,104,70,78,87,80,98,104,82,71,78,60,81,78,66,64,77,77,92,75,71,82,58,71,71,68,70,66,68,54,49,46,48,48,42,39,46,41,40,48,40,35,40,35,24,32,22,31,26,27,16,12,12,6,2,4,7,3,5
D82042,35,30,39,35,41,41,42,53,46,38,61,44,48,55,42,48,49,61,48,37,32,32,30,31,32,35,37,35,42,37,41,58,38,44,50,47,36,45,46,39,47,52,39,60,43,52,33,46,48,58,61,47,68,68,62,74,66,74,85,71,90,71,75,66,49,63,64,57,61,50,56,69,57,50,61,59,69,68,36,44,40,30,22,34,22,22,24,21,18,6,15,7,5,1,3,5
D82043,24,29,32,25,30,40,37,32,39,41,37,36,36,34,31,38,36,43,47,38,26,33,27,29,27,33,39,34,35,34,39,51,34,27,34,34,38,34,37,27,29,33,36,41,42,38,30,41,29,42,40,42,54,51,48,51,45,53,58,46,58,60,56,56,52,46,47,58,39,38,40,50,36,36,37,44,43,47,35,50,30,33,21,17,22,14,21,15,11,7,6,5,7,3,5,0
D82044,109,146,126,153,160,139,154,152,179,155,186,189,190,158,181,181,193,190,164,152,133,144,131,120,130,144,152,155,169,145,185,195,167,190,218,184,225,185,197,183,177,178,160,193,177,170,161,161,181,158,170,159,198,217,184,191,187,200,208,204,199,168,208,193,196,182,185,179,166,167,176,153,182,199,182,196,203,209,143,169,127,137,114,85,107,82,89,69,62,59,46,36,19,21,14,26
D82045,69,88,88,96,83,103,105,109,118,114,120,114,139,140,152,177,153,157,138,103,91,103,82,86,98,85,92,102,91,90,104,95,102,109,102,132,121,97,117,119,106,109,122,115,123,115,86,104,108,124,120,128,139,141,140,142,114,135,147,143,120,119,129,104,123,107,108,113,101,94,93,77,76,102,94,97,133,136,83,88,75,74,51,50,57,45,43,34,33,32,19,18,10,15,8,7
D82046,14,18,21,14,18,20,22,30,20,21,24,25,21,23,21,26,34,32,27,18,26,19,11,18,18,19,19,20,15,11,21,16,26,15,18,24,21,16,18,26,18,22,18,27,20,19,20,19,25,24,30,29,30,36,36,40,37,35,32,39,38,38,34,38,35,32,32,35,26,35,36,28,28,27,37,38,32,31,25,25,22,20,15,11,16,14,14,15,12,8,4,4,3,1,4,5
D82047,18,13,22,18,21,13,21,15,29,25,22,25,22,31,13,26,30,17,15,34,46,61,66,45,47,66,60,55,63,57,68,58,59,57,56,58,57,53,54,62,57,56,54,64,63,67,54,38,48,57,57,43,48,48,59,67,58,55,65,64,53,55,52,57,40,39,44,39,44,38,43,44,38,32,42,40,35,40,28,20,16,29,24,16,13,11,14,10,8,7,7,6,2,2,2,2
D82048,44,50,68,57,65,59,58,70,78,69,66,66,82,63,80,93,82,76,62,59,56,62,37,71,66,81,59,72,57,88,83,86,92,84,90,82,86,74,80,92,63,71,83,80,86,74,73,77,71,86,85,84,101,85,95,86,74,89,88,99,82,85,88,88,73,75,66,76,59,60,60,49,51,51,56,53,57,65,45,38,42,35,38,29,14,29,28,25,17,15,11,12,5,12,7,16
D82049,6,11,8,15,13,13,12,16,19,16,20,17,19,31,20,28,33,22,24,23,13,20,20,16,13,21,8,25,19,18,9,13,13,11,16,19,21,21,17,14,20,22,14,24,16,22,13,14,16,21,26,25,27,31,24,25,39,32,35,31,38,24,37,23,28,39,29,32,21,33,28,27,21,15,26,23,26,32,14,29,18,23,6,13,9,9,11,7,6,7,5,2,2,1,0,3
D82050,38,28,34,38,34,34,45,40,43,50,44,58,50,48,46,59,54,48,54,50,40,47,59,49,40,45,60,49,43,42,57,48,53,53,51,42,54,57,54,54,38,40,53,56,52,50,53,54,41,65,65,55,68,72,79,68,66,61,67,71,74,67,70,57,50,46,46,55,37,56,45,44,39,45,47,54,50,58,54,48,52,40,40,30,36,26,24,22,11,7,5,4,9,6,4,8
D82051,72,76,96,84,96,92,93,103,107,100,95,102,92,91,74,83,96,92,77,88,84,84,92,89,96,108,131,113,123,127,146,151,136,148,134,160,140,149,150,159,141,124,102,104,124,109,95,100,103,109,121,121,111,109,109,127,123,113,103,135,126,112,114,106,126,84,103,96,98,84,70,73,71,82,76,57,99,65,61,65,59,47,50,39,37,26,24,23,30,16,17,9,13,5,7,9
D82053,16,10,23,18,23,17,18,18,19,17,21,33,26,27,23,29,31,27,15,28,20,22,19,20,18,27,21,27,28,30,27,24,29,33,22,18,20,23,31,19,30,23,29,21,20,21,26,21,17,18,35,34,38,43,47,29,45,47,56,40,41,57,63,53,51,57,52,45,36,50,55,49,52,52,57,41,63,76,32,42,34,39,24,16,23,21,11,21,16,14,6,4,5,7,4,14
D82054,60,55,51,60,71,77,67,74,80,76,56,84,89,82,74,67,75,91,81,80,60,68,71,77,66,74,70,77,93,106,99,81,68,91,96,90,95,80,85,93,73,75,77,75,74,80,60,80,83,63,87,107,109,97,107,99,112,113,138,139,126,98,104,126,109,99,123,105,110,118,108,100,106,104,79,105,132,122,81,92,82,77,57,61,59,41,42,42,31,25,21,19,14,14,4,12
D82056,21,26,29,30,45,44,46,46,56,57,37,63,62,59,62,56,59,54,53,48,49,39,32,36,31,33,30,35,38,39,35,38,42,48,50,53,45,39,47,45,40,45,42,48,47,36,32,36,48,71,60,64,74,65,77,74,71,74,88,67,85,85,73,78,76,58,64,73,78,77,63,58,71,69,60,74,94,68,63,61,63,50,42,40,33,23,32,14,21,23,11,8,10,6,7,6
D82057,20,24,33,29,31,31,34,30,32,34,37,29,33,40,38,28,36,43,32,38,37,25,22,31,36,30,32,44,33,28,34,46,37,42,37,36,28,37,34,36,35,40,24,33,37,34,32,34,30,34,41,48,51,51,51,35,57,37,49,68,59,52,59,60,50,50,67,46,55,52,55,48,46,50,49,52,72,68,50,46,55,30,41,31,20,35,23,13,18,16,12,14,6,6,4,5
D82058,42,53,52,53,56,75,71,73,83,77,80,78,94,97,76,81,83,71,74,65,78,71,74,73,83,84,75,63,78,85,76,65,74,80,99,83,82,109,90,67,86,82,75,83,82,95,66,69,75,90,87,103,109,135,135,124,123,145,136,151,164,138,126,138,156,153,149,131,158,165,158,142,144,137,149,150,145,137,106,125,113,96,73,54,63,65,47,26,34,15,19,19,9,8,11,18
D82059,42,33,59,38,59,41,55,59,55,68,74,67,62,63,73,74,64,56,57,44,60,51,40,54,64,62,65,48,63,76,61,64,57,64,63,59,65,62,60,65,60,55,49,57,59,60,58,60,55,60,68,62,80,69,111,82,80,86,77,85,105,93,96,82,74,89,86,84,82,94,76,74,67,78,76,77,72,87,67,60,68,56,44,29,41,42,24,34,23,17,19,17,10,12,6,14
D82060,23,19,18,24,31,24,20,31,36,35,39,37,44,35,29,48,39,35,30,34,31,30,20,30,27,32,31,39,31,21,35,28,30,24,38,22,31,32,32,43,40,33,32,40,30,28,34,22,24,30,20,27,35,27,31,26,32,32,22,39,29,20,22,21,23,27,13,14,14,21,24,15,17,29,26,19,23,15,10,15,22,9,13,7,15,7,9,10,8,3,4,4,1,1,1,6
D82062,29,39,46,32,40,39,57,41,38,48,50,51,37,48,56,41,57,40,37,33,42,31,34,39,37,32,39,42,32,39,33,34,52,45,56,63,50,52,56,53,59,49,39,52,51,46,67,50,49,45,56,66,53,65,63,69,62,77,66,64,63,56,58,52,61,58,53,54,55,63,64,55,61,41,39,63,72,60,43,51,44,49,29,27,34,32,21,24,10,10,9,12,4,3,2,6
D82063,63,73,74,64,72,79,73,83,90,76,88,78,67,79,71,73,63,59,54,55,39,67,51,64,78,76,78,101,111,94,96,104,123,130,110,105,112,114,89,99,94,81,81,107,105,71,80,75,60,88,101,88,94,83,96,99,107,89,101,102,101,107,77,87,84,64,80,95,103,76,57,69,73,71,73,90,82,98,81,58,56,58,52,40,38,41,23,31,24,20,23,14,7,10,6,11
D82064,95,109,113,116,114,142,136,148,154,150,156,170,148,160,145,147,131,139,98,87,92,84,79,97,103,81,107,95,88,93,128,122,113,149,141,133,141,149,132,173,147,147,152,171,138,159,139,153,137,133,165,150,172,146,140,136,126,135,142,124,122,128,158,119,110,89,131,104,116,85,107,101,98,96,102,129,145,123,85,95,77,88,70,57,58,59,51,36,33,21,28,16,14,12,16,12
D82065,26,33,26,41,28,28,33,42,34,48,34,34,44,37,34,28,35,31,34,24,29,31,28,26,25,27,36,36,41,45,48,32,48,40,52,37,41,37,43,50,48,34,49,36,31,29,33,30,33,50,38,43,44,58,39,58,55,56,67,61,49,58,62,64,49,82,56,57,57,62,57,59,57,60,62,41,50,71,46,47,48,28,19,34,30,25,23,27,18,13,12,3,3,3,7,8
D82066,27,20,18,29,30,19,25,27,31,38,33,21,49,25,27,25,41,36,33,26,35,37,21,28,32,36,38,39,37,45,34,45,38,42,27,30,29,34,38,41,41,36,40,30,38,24,31,34,35,40,37,32,55,49,44,55,42,70,46,46,42,35,51,65,56,66,59,44,45,45,41,38,49,39,40,50,59,47,37,38,35,36,26,24,21,19,21,17,13,19,6,9,7,6,0,6
D82067,69,84,63,84,77,92,92,84,83,99,89,71,89,88,89,85,81,89,69,82,54,64,75,65,94,78,97,111,107,123,114,141,145,119,143,128,118,104,119,115,134,97,105,97,113,110,85,85,92,105,116,96,91,112,93,100,110,108,115,102,67,104,82,83,88,78,64,66,62,66,57,48,48,52,48,56,83,59,69,40,41,30,34,30,19,26,19,17,11,10,16,8,4,6,2,9
D82068,32,33,39,26,34,45,35,30,37,41,37,45,42,37,32,34,49,45,31,30,29,25,37,31,31,27,36,32,42,38,27,46,44,38,45,40,34,37,37,40,36,33,49,38,47,36,37,38,39,31,44,44,61,57,51,65,62,47,62,73,59,75,58,42,54,53,64,48,49,44,48,53,55,44,64,41,66,58,45,39,28,34,35,32,28,32,26,24,16,15,13,10,9,6,3,5
D82070,16,18,20,22,25,45,22,38,31,30,36,47,31,43,31,34,23,35,32,35,28,22,31,29,36,28,30,26,36,26,27,35,37,27,35,27,38,25,33,32,32,35,39,23,45,32,31,33,28,51,46,39,39,41,55,43,54,51,41,41,56,53,55,67,48,45,54,55,52,48,50,49,41,39,40,52,54,47,42,44,40,26,16,13,21,13,19,14,8,12,8,7,2,3,2,2
D82071,50,59,56,70,79,65,84,73,80,81,87,97,85,86,87,91,85,88,84,75,63,68,70,74,64,78,90,77,81,82,71,101,95,101,83,84,99,102,85,73,88,98,116,102,105,70,91,78,74,98,104,103,93,89,119,108,88,105,114,99,104,118,92,100,104,80,122,93,81,87,76,68,69,77,73,81,70,84,74,69,55,47,53,40,34,36,42,36,26,25,26,14,19,11,5,19
D82072,8,12,21,8,9,14,12,12,11,19,20,11,16,16,23,14,16,19,14,25,16,16,9,14,13,12,10,13,10,10,19,13,10,13,17,19,8,13,19,21,16,15,20,32,21,22,21,21,15,22,22,16,32,32,29,33,32,16,27,35,27,31,35,30,26,32,33,33,26,37,39,27,39,45,35,34,49,47,26,31,38,35,22,13,14,14,18,17,15,4,9,7,4,5,1,11
D82073,78,63,75,87,78,83,71,89,85,92,77,100,78,92,89,87,64,87,64,55,56,52,61,71,75,78,94,107,102,104,109,130,121,123,128,108,114,109,127,113,108,111,123,122,123,105,106,99,112,92,122,102,100,91,101,108,97,95,88,107,85,83,80,81,68,75,69,54,70,50,55,57,58,41,56,55,56,52,36,48,36,24,22,23,25,15,18,11,19,9,13,9,8,7,5,4
D82076,48,37,43,38,56,49,39,44,48,41,41,39,38,60,40,39,47,38,34,46,31,32,31,43,49,54,62,52,59,54,62,70,63,75,77,67,77,69,81,78,64,78,63,52,59,58,49,58,57,65,54,61,65,62,53,61,82,57,52,66,66,36,54,33,47,44,34,43,36,36,43,26,32,35,31,25,48,32,24,32,25,24,17,19,14,7,15,13,9,18,9,6,9,7,1,5
D82078,19,41,49,39,52,58,60,47,46,75,43,54,54,48,63,53,52,54,48,60,45,33,38,41,35,43,34,42,36,53,53,45,47,42,67,53,49,52,58,68,52,66,48,54,56,33,68,56,53,54,67,63,67,82,86,62,72,79,85,80,90,84,73,71,65,66,67,65,67,48,52,59,56,59,63,61,67,59,46,48,42,41,35,35,29,25,23,22,25,15,14,11,5,5,6,9
D82079,22,19,27,24,14,33,35,36,35,34,32,36,24,34,33,30,35,23,40,20,25,27,26,25,20,16,30,20,23,22,20,37,24,36,31,29,33,33,28,21,32,26,35,27,41,26,28,39,21,33,37,31,37,44,43,45,32,43,58,37,51,42,62,48,32,41,38,39,38,40,34,37,42,26,37,26,39,30,27,33,24,16,16,13,17,12,11,9,7,6,7,2,1,2,4,3
D82080,29,37,42,53,32,48,57,50,52,47,56,46,59,42,46,38,43,53,37,49,37,30,31,33,33,26,31,43,41,35,47,49,40,43,47,62,46,46,45,55,48,48,43,40,49,43,54,44,48,58,52,60,67,52,70,73,60,61,67,73,57,58,46,61,52,51,52,36,42,48,44,46,36,62,48,45,52,43,45,52,45,32,25,19,23,22,23,11,11,10,12,6,7,3,3,11
D82084,15,22,21,25,24,31,34,42,38,46,36,36,42,48,45,48,28,39,43,27,29,36,27,32,32,28,20,34,40,32,27,43,39,42,39,35,39,44,54,35,36,48,50,42,34,45,37,45,45,38,56,47,54,68,66,73,43,55,54,59,64,70,56,60,59,59,75,60,53,48,67,60,56,47,50,47,83,73,52,48,58,52,35,29,23,30,27,20,12,18,14,7,10,4,8,10
D82085,31,24,36,30,19,26,46,31,36,37,46,35,36,38,32,39,36,44,35,31,24,28,28,34,35,38,36,29,41,29,42,41,38,35,39,39,32,28,36,36,41,44,26,46,45,33,28,36,40,48,32,40,56,51,53,52,55,87,55,54,75,72,54,62,65,47,55,52,48,55,57,64,54,55,59,52,57,63,37,35,36,29,24,21,21,18,12,15,10,8,10,7,3,4,3,3
D82087,36,38,46,31,42,45,47,46,40,40,45,49,40,50,49,44,53,54,46,47,44,44,30,42,44,52,60,70,60,64,66,81,74,63,63,75,76,56,67,67,68,59,62,68,63,62,51,50,50,44,44,48,56,54,43,47,45,39,28,47,36,43,37,37,28,31,19,25,26,24,19,12,21,15,17,26,19,18,7,15,9,14,15,11,3,9,2,4,3,0,2,1,3,2,3,0
D82088,20,34,28,30,31,29,32,31,33,32,29,14,26,29,19,16,10,22,274,609,724,790,763,788,659,573,568,545,464,449,405,347,296,222,175,173,139,105,102,98,91,55,58,70,51,62,39,36,25,26,37,23,13,24,24,22,22,20,19,16,18,14,16,10,17,6,12,8,6,7,4,6,7,1,6,3,3,3,1,2,1,2,1,1,1,2,0,1,1,0,0,0,0,0,0,0
D82096,40,38,39,46,47,52,57,43,68,60,64,68,71,65,67,66,60,77,54,53,50,64,54,54,49,59,56,71,68,79,77,88,68,86,99,79,87,86,76,84,86,74,65,62,83,69,52,51,48,56,54,44,62,58,47,47,45,47,39,54,55,51,49,39,31,32,31,22,28,31,28,21,26,17,17,21,26,33,19,25,15,10,14,9,7,8,15,8,8,7,1,4,1,3,1,2
D82099,66,80,88,77,81,84,110,94,89,103,98,108,118,93,100,107,103,100,95,112,85,79,91,89,83,107,120,142,128,132,146,172,163,162,155,186,182,195,182,157,177,154,133,145,150,135,121,119,132,129,137,142,113,137,112,126,119,120,107,117,108,83,92,107,70,79,65,75,65,48,52,52,55,43,53,47,51,44,43,40,29,29,39,15,23,21,13,11,9,12,10,9,5,6,4,3
D82100,9,11,22,18,13,18,26,30,26,21,25,19,21,27,23,29,23,13,17,23,19,19,17,30,15,20,18,17,28,25,25,19,24,36,26,17,21,24,20,16,18,14,25,20,28,21,23,18,27,19,19,30,33,23,35,36,39,27,47,29,29,49,32,41,46,41,33,34,38,45,38,23,26,43,40,23,33,40,30,28,28,22,15,9,10,9,11,4,3,7,5,5,7,1,0,4
D82104,23,28,36,39,33,49,43,51,37,43,46,54,64,58,47,52,46,54,40,46,46,58,33,40,37,48,54,58,46,41,41,34,41,39,49,40,47,48,48,40,50,39,61,51,68,51,41,51,45,50,65,67,66,63,60,79,72,69,74,70,98,92,86,73,72,64,59,76,69,52,58,68,62,66,53,66,69,75,56,66,45,46,37,37,19,22,27,20,14,15,20,8,3,11,5,7
D82105,42,29,41,43,35,41,45,32,48,44,39,41,57,39,50,36,46,24,47,37,46,35,33,50,31,37,45,45,49,55,40,49,50,49,51,44,47,45,50,44,35,34,32,53,44,30,27,40,29,41,46,42,46,50,46,52,46,44,58,62,51,46,51,49,52,60,37,54,56,35,39,50,48,34,41,46,40,55,41,23,28,18,19,12,24,18,19,17,8,14,9,6,5,2,2,4
D82106,25,19,29,30,32,29,29,36,17,38,39,24,34,21,21,31,20,21,16,21,22,28,39,55,61,61,70,71,54,70,51,62,61,51,65,65,49,51,50,53,61,35,54,57,49,38,50,39,34,28,46,37,33,31,35,30,39,36,28,34,24,31,28,23,28,30,21,21,16,34,27,16,22,19,12,14,14,10,18,16,14,8,8,3,12,11,7,5,5,6,2,2,0,1,2,2
D82600,5,3,5,10,8,5,10,12,9,10,14,6,8,13,9,6,10,6,5,4,8,6,2,8,9,9,4,10,5,7,6,12,5,6,8,6,8,15,11,4,10,8,9,11,14,4,8,9,12,12,13,8,16,14,20,9,21,19,17,22,19,9,16,11,19,16,18,19,20,19,22,16,17,13,18,20,13,17,16,19,7,13,8,5,5,5,1,3,4,3,3,1,4,3,1,0
D82604,13,8,14,14,16,9,16,18,16,15,15,22,19,12,22,28,22,17,10,18,13,15,13,11,8,18,14,10,21,15,21,28,27,17,15,16,14,21,13,16,9,18,14,16,11,21,21,17,17,17,16,28,19,20,31,28,33,29,29,35,41,27,28,39,37,22,40,15,19,23,21,17,27,16,26,28,30,30,21,19,20,13,8,10,12,11,7,7,9,11,6,4,1,2,1,4
D82618,25,18,31,20,29,33,42,24,34,42,34,41,42,45,42,30,31,32,39,31,23,36,22,33,20,36,28,23,37,39,37,34,35,43,23,31,43,46,41,36,38,34,29,32,38,42,40,39,31,35,37,48,45,46,46,34,32,47,40,43,54,36,37,26,38,32,33,47,42,32,37,37,28,39,24,24,40,32,20,31,24,18,25,11,20,16,15,13,8,11,8,3,5,3,2,7
D82621,11,26,28,31,22,38,28,31,38,34,16,42,44,28,26,34,41,31,28,34,26,27,19,27,25,30,25,25,35,31,29,30,22,24,31,32,26,33,30,27,33,31,21,22,30,29,30,31,32,33,44,37,40,40,49,38,43,45,42,60,54,65,57,58,56,38,41,44,53,44,50,38,53,40,41,64,58,51,50,35,38,37,25,20,24,18,23,18,15,13,4,6,7,4,2,11
D82624,36,55,52,37,50,66,52,50,57,63,56,67,52,45,48,46,45,52,45,38,28,26,18,39,32,34,40,37,39,56,48,46,47,60,59,49,50,54,49,54,46,52,61,54,60,67,41,50,59,48,50,45,46,57,49,66,39,53,62,62,47,60,40,43,45,38,34,39,49,30,33,41,42,31,19,29,29,23,27,30,19,18,16,10,10,6,6,5,12,6,6,4,2,2,1,2
D82628,5,13,18,10,10,12,20,13,23,24,14,13,16,20,19,15,14,24,14,27,15,7,12,13,11,19,12,14,12,22,23,13,15,14,13,13,19,18,17,17,24,12,24,17,18,24,16,26,16,28,17,25,24,30,34,25,40,36,42,30,30,43,32,34,34,39,30,31,32,33,22,31,26,37,30,38,43,33,26,38,21,23,21,12,12,15,11,11,8,9,3,1,6,1,0,2
D83002,56,65,70,66,72,81,92,77,97,93,95,108,94,118,102,92,95,114,91,94,88,71,68,88,90,94,100,107,98,93,100,119,115,112,92,106,139,96,107,106,95,104,88,82,118,91,73,82,71,90,95,103,112,107,104,109,108,118,108,117,108,106,100,98,81,87,73,70,75,73,66,78,72,73,54,63,94,87,81,72,50,39,48,34,43,35,32,28,18,10,7,7,7,9,5,13
D83009,51,65,65,80,74,64,72,82,87,89,91,105,101,92,124,116,119,93,102,98,91,93,88,91,97,94,109,90,81,101,110,95,105,115,103,94,106,102,106,103,89,90,97,102,95,88,98,109,116,99,103,137,140,144,137,147,149,158,159,154,132,134,162,138,125,123,114,118,146,124,143,127,125,118,126,133,157,152,123,125,114,85,89,63,64,70,57,41,38,39,26,20,25,13,13,14
D83010,19,25,18,19,26,15,24,18,29,36,22,22,30,22,25,30,32,15,26,26,25,26,30,26,30,25,29,20,26,21,19,21,22,32,35,33,35,26,24,31,16,22,37,24,24,23,17,31,38,37,34,38,40,46,39,32,52,43,49,55,56,58,54,70,42,63,54,70,43,47,62,45,53,54,49,65,69,56,45,51,51,35,28,22,27,21,19,21,8,7,11,8,5,3,3,8
D83011,37,49,50,37,34,50,52,55,51,67,67,61,59,57,70,65,70,57,62,50,51,57,53,58,50,57,60,55,75,81,51,77,78,74,83,69,76,78,80,70,75,61,56,70,63,76,62,53,55,77,72,77,85,100,96,72,104,89,97,101,93,84,92,90,100,86,81,72,69,68,99,70,82,71,80,88,85,104,74,77,46,57,43,43,31,36,40,27,20,31,7,12,18,7,4,17
D83016,39,36,39,39,45,50,61,45,47,66,66,64,80,50,67,59,66,64,51,64,50,57,59,49,58,56,62,44,46,53,69,50,44,64,73,69,59,71,57,64,68,65,69,73,63,68,49,63,58,53,66,69,77,73,78,84,63,94,64,83,67,76,74,79,71,70,63,83,45,72,57,50,63,57,65,68,92,59,66,62,35,50,29,24,29,31,38,20,20,14,15,6,5,5,2,11
D83022,17,15,18,12,20,20,19,22,13,29,16,24,32,28,22,25,27,34,24,21,22,22,28,25,35,28,35,23,28,25,23,27,16,17,23,18,17,26,23,28,21,27,21,17,29,29,14,25,23,21,17,28,22,29,35,31,29,28,50,40,42,51,44,38,40,49,44,51,49,39,50,45,55,48,52,40,47,53,36,37,31,41,24,13,16,17,13,21,13,16,9,6,9,6,2,14
D83023,40,57,46,44,57,69,84,74,71,65,79,79,71,76,57,67,70,89,74,71,59,69,53,63,61,67,69,64,77,59,87,61,84,81,83,89,98,96,97,100,86,89,62,64,94,78,65,52,70,56,67,69,70,89,80,78,88,107,67,69,103,77,63,76,71,71,69,68,63,57,53,51,56,59,63,66,71,69,50,50,47,44,36,30,39,21,31,22,17,10,14,9,12,5,7,7
D83030,40,36,31,38,39,29,42,37,44,41,41,41,48,46,35,49,54,42,47,45,30,46,46,41,38,37,41,47,42,67,56,57,54,67,71,77,84,76,61,60,53,49,55,52,61,50,48,54,46,41,43,46,48,43,36,59,55,54,50,69,64,51,46,46,60,55,55,38,35,36,32,40,26,26,38,29,36,37,28,21,19,12,13,11,16,9,11,8,8,7,3,3,1,1,2,6
D83034,32,47,39,34,46,45,47,63,45,60,49,89,72,59,58,48,57,51,53,41,63,51,41,62,56,65,46,70,61,52,74,45,56,64,73,60,55,55,66,68,64,60,68,74,69,56,69,62,60,61,57,73,82,76,89,100,88,92,110,88,92,80,82,106,85,78,103,82,82,83,94,82,69,83,73,76,79,89,73,57,59,45,41,38,41,27,28,22,34,17,16,23,10,9,6,19
D83035,36,25,36,49,39,44,42,49,55,45,52,51,53,52,54,56,42,37,49,43,49,37,39,49,36,37,32,45,51,54,53,51,50,44,61,67,44,53,57,61,49,43,40,46,48,49,42,46,45,46,62,55,67,72,69,67,68,74,82,87,88,85,89,89,93,74,88,90,100,76,95,87,89,85,87,99,99,77,59,78,54,58,42,36,38,40,30,23,29,21,19,18,12,8,3,6
D83047,60,78,90,60,77,67,88,82,88,91,87,92,84,90,75,104,89,76,101,79,78,66,61,69,69,83,88,85,82,103,92,89,98,89,114,106,108,100,90,98,103,88,94,94,85,94,76,70,72,76,98,101,113,85,112,99,89,117,121,120,106,107,93,88,96,107,87,90,93,67,68,95,87,95,81,90,111,100,81,73,70,43,40,36,40,40,40,30,24,18,22,16,8,7,6,8
D83608,15,25,22,20,25,33,26,35,26,33,41,34,42,43,55,41,32,32,22,33,31,26,32,27,17,30,25,40,33,21,50,33,31,33,33,27,38,29,41,33,35,35,32,45,34,25,40,32,32,40,32,39,42,48,43,53,37,54,41,47,45,40,41,35,41,43,42,40,38,34,45,29,40,53,36,37,54,47,38,36,32,31,15,17,14,14,18,14,9,11,9,3,7,7,1,3
Y00297,13,27,27,32,35,25,32,34,44,36,36,35,36,36,37,43,23,31,25,29,25,19,19,23,25,19,27,14,20,28,15,23,27,34,26,27,39,44,40,31,32,36,33,36,29,27,25,17,29,28,28,35,32,22,37,43,34,32,29,33,34,35,33,27,29,24,24,31,29,28,22,24,15,21,16,23,28,16,14,18,14,12,19,13,15,7,8,10,5,0,4,2,0,0,1,1
Y01690,32,33,41,37,40,39,45,65,40,65,49,75,45,43,27,61,51,47,46,40,27,40,50,31,49,46,46,53,58,60,63,61,77,73,68,58,77,68,50,57,57,58,65,66,83,49,40,46,44,51,50,28,45,38,38,47,31,42,33,24,31,28,22,31,22,26,18,23,19,17,16,16,11,18,12,10,14,10,12,9,9,6,4,5,3,2,3,3,2,3,0,2,1,0,1,0
Y02751,49,63,67,58,68,65,61,52,70,62,56,57,56,36,38,37,26,31,29,43,46,46,67,81,76,88,96,104,136,122,163,143,190,198,202,214,209,199,175,158,166,147,125,139,121,97,68,88,63,63,65,65,46,63,57,40,43,48,48,54,41,43,39,29,38,22,26,28,26,23,23,19,14,18,21,19,18,10,17,12,9,14,7,9,3,7,4,7,1,5,4,2,2,1,1,3
Y03222,23,28,33,33,27,33,40,30,31,41,37,44,46,31,30,42,39,42,30,30,30,30,42,29,32,23,22,23,36,28,37,51,38,34,34,34,37,32,37,33,25,28,31,36,38,39,33,26,38,38,43,49,40,47,50,37,53,42,69,42,58,57,47,63,47,44,35,41,43,35,40,47,44,29,41,49,49,47,27,29,17,34,13,16,14,12,15,12,10,15,10,8,4,4,3,7
Y03595,28,29,32,39,48,36,36,39,37,45,36,39,47,53,38,35,34,35,31,45,29,33,31,28,44,32,49,58,37,46,35,59,47,52,53,55,55,42,50,49,56,52,53,39,56,52,38,44,45,47,42,39,48,46,32,43,39,49,49,51,49,50,43,35,41,33,34,32,37,31,28,36,28,38,37,29,37,35,26,29,13,22,20,14,21,17,16,9,14,8,7,1,2,1,2,5
Y05291,18,31,18,19,20,25,19,12,29,15,23,19,21,23,27,26,18,25,20,24,16,17,15,18,24,27,16,23,25,23,17,19,20,24,23,29,29,24,22,21,17,20,21,17,23,23,26,16,24,20,17,25,27,28,30,31,27,34,24,16,23,22,29,19,20,20,27,26,16,18,23,25,14,19,18,21,25,30,29,23,18,17,19,17,14,17,5,12,7,8,4,5,1,3,0,3
Y06275,32,33,35,30,48,42,41,41,42,38,39,51,55,47,54,48,58,46,37,43,36,39,35,26,25,44,43,42,42,50,48,64,58,58,57,43,49,52,54,61,67,55,62,59,52,67,29,48,58,42,36,50,34,51,51,48,37,58,31,48,35,45,41,33,29,26,29,26,30,26,21,15,19,18,27,15,27,25,20,8,10,13,2,7,8,7,7,3,4,1,2,2,2,0,0,1
